234 1051979 B 404 1 79 6 14.1 30 50
294 1051979 B 408 1 79 6 14.1 30 50
1234 1051979 B 401 1 39 6 14.1 30 50
435 1131979 B 804 1 62 6 12.6 30 30
500 1131979 B 1320 1 62 6 12.6 30 30
234 1191979 B 404 1 69 6 13.1 30 39
294 1191979 B 408 1 69 6 13.1 30 39
734 1191979 B 801 1 69 6 13.1 30 39
435 1251979 B 804 1 79 6 14.1 30 50
500 1251979 B 1320 1 69 6 14.1 30 50
94 2021979 U 105 4 2.3 2 1.5  
234 2021979 U 404 4 2.3 2 1.5  
294 2021979 U 408 4 2.3 2 1.5  
234 2031979 B 404 2 0.3 1 71 6 13.7
234 2031979 B 404 30 37    
294 2031979 B 408 2 0.3 1 71 6 13.7
294 2031979 B 408 30 37    
435 2031979 B 804 2 0.3 1 73 6 13.7
435 2031979 B 804 30 37    
500 2031979 B 1320 2 0.3 1 69 6 13.7
500 2031979 B 1320 30 37    
1023 2031979 B 101 2 0.3 1 31 6 13.7
1023 2031979 B 101 30 37    
1034 2031979 B 107 2 0.3 1 31 6 13.7
1034 2031979 B 107 30 37    
435 2081979 B 804 1 69 6 13.1 30 39
500 2081979 B 1320 1 69 6 13.1 30 39
234 2171979 B 404 1 70 6 12.5 30 21
294 2171979 B 408 1 70 6 12.5 30 21
435 2171979 B 804 1 69 6 12.5 30 21
500 2171979 B 1320 1 69 6 12.5 30 21
234 3011979 B 404 1 71 6 12.7 30 28
294 3011979 B 408 1 71 6 12.7 30 28
435 3011979 B 804 1 70 6 12.7 30 28
500 3011979 B 1320 1 70 6 12.7 30 28
234 3151979 B 404 1 68 6 12.8 30 27
294 3151979 B 408 1 68 6 12.8 30 27
435 3151979 B 804 1 70 6 12.8 30 27
500 3151979 B 1320 1 68 6 12.8 30 27
234 3291979 B 404 1 67 6 12.5 30 29
294 3291979 B 408 1 67 6 12.5 30 29
435 3291979 B 804 1 67 6 12.5 30 29
500 3291979 B 1320 1 67 6 12.5 30 29
234 4131979 B 404 1 62 6 12.6 30 30
294 4131979 B 408 1 62 6 12.6 30 30
634 4131979 B 904 1 45 6 12.7 30 28
1234 4131979 B 401 1 62 6 12.6 30 30
435 4151979 B 804 1 62 6 12.6 30 30
500 4151979 B 1320 1 62 6 12.6 30 30
435 4291979 B 804 1 60 6 12.6 30 30
500 4291979 B 1320 1 60 6 12.6 30 30
234 5051979 B 404 1 59 6 14.1 30 50
294 5051979 B 408 1 59 6 14.1 30 50
435 5051979 B 804 1 59 6 14.1 30 50
500 5051979 B 1320 1 68 6 14.1 30 50
734 5051979 B 801 1 59 6 14.1 30 50
94 5291979 B 105 1 55 6 13.1 30 39
234 5291979 B 404 1 55 6 13.1 30 39
294 5291979 B 408 1 55 6 13.1 30 39
435 5291979 B 804 1 55 6 13.1 30 39
500 5291979 B 1320 1 65 6 13.1 30 39
234 6121979 U 404 4 2.3 2 1.5  
294 6121979 U 408 4 2.3 2 1.5  
435 6121979 U 804 4 2.3 2 1.5  
500 6121979 U 1320 4 2.3 2 1.5  
1023 6121979 U 101 4 2.3 2 1.5  
1034 6121979 U 107 4 2.3 2 1.5  
234 7031979 B 404 2 0.3 1 48 6 13.7
234 7031979 B 404 30 37    
294 7031979 B 408 2 0.3 1 48 6 13.7
294 7031979 B 408 30 37    
435 7031979 B 804 2 0.3 1 48 6 13.7
435 7031979 B 804 30 37    
500 7031979 B 1320 2 0.3 1 63 6 13.7
500 7031979 B 1320 30 37    
734 7031979 B 801 30 37    
1234 7031979 B 401 2 0.3 1 48 6 13.7
94 7171979 B 105 1 40 6 12.5 30 21
234 7171979 B 404 1 40 6 12.5 30 21
294 7171979 B 408 1 40 6 12.5 30 21
435 7171979 B 804 1 40 6 12.5 30 21
500 7171979 B 1320 1 60 6 12.5 30 21
234 8011979 B 404 1 45 6 12.7 30 28
294 8011979 B 408 1 45 6 12.7 30 28
435 8011979 B 804 1 40 6 12.7 30 28
500 8011979 B 1320 1 65 6 12.7 30 28
1023 8011979 B 101 1 45 6 12.7 30 28
1034 8011979 B 107 1 45 6 12.7 30 28
234 8151979 B 404 1 40 6 12.8 30 27
294 8151979 B 408 1 40 6 12.8 30 27
435 8151979 B 804 1 40 6 12.8 30 27
500 8151979 B 1320 1 60 6 12.8 30 27
634 8151979 B 904 1 40 6 12.8 30 27
234 8291979 B 404 1 40 6 12.5 30 29
294 8291979 B 408 1 40 6 12.5 30 29
435 8291979 B 804 1 50 6 12.5 30 29
500 8291979 B 1320 1 58 6 12.5 30 29
234 9131979 B 404 1 52 6 12.6 30 30
294 9131979 B 408 1 52 6 12.6 30 30
435 9131979 B 804 1 52 6 12.6 30 30
500 9131979 B 1320 1 59 6 12.6 30 30
506 9131979 B 1320 1 59 6 12.6 30 30
634 9131979 B 904 1 52 6 12.6 30 30
835 9131979 B 804 1 52 6 12.6 30 30
894 9131979 B 908 1 52 6 12.6 30 30
1134 9131979 B 1301 1 52 6 12.6 30 30
1234 9131979 B 401 1 52 6 12.6 30 30
234 10051979 B 404 1 69 6 14.1 30 50
294 10051979 B 408 1 69 6 14.1 30 50
435 10051979 B 804 1 69 6 14.1 30 50
500 10051979 B 1320 1 69 6 14.1 30 50
506 10051979 B 1320 1 69 6 14.1 30 50
634 10051979 B 904 1 69 6 14.1 30 50
734 10051979 B 801 1 69 6 14.1 30 50
835 10051979 B 804 1 69 6 14.1 30 50
894 10051979 B 908 1 69 6 14.1 30 50
1004 10051979 B 102 1 29 6 14.1 30 50
94 10191979 B 105 1 67 6 13.1 30 39
234 10191979 B 404 1 67 6 13.1 30 39
294 10191979 B 408 1 67 6 13.1 30 39
435 10191979 B 804 1 67 6 13.1 30 39
500 10191979 B 1320 1 67 6 13.1 30 39
506 10191979 B 1320 1 67 6 13.1 30 39
634 10191979 B 904 1 67 6 13.1 30 39
835 10191979 B 804 1 67 6 13.1 30 39
894 10191979 B 908 1 67 6 13.1 30 39
1006 10191979 B 103 1 32 6 13.1 30 39
234 11021979 U 404 4 2.3 2 1.5  
294 11021979 U 408 4 2.3 2 1.5  
435 11021979 U 804 4 2.3 2 1.5  
500 11021979 U 1320 4 2.3 2 1.5  
1023 11021979 U 101 4 2.3 2 1.5  
1034 11021979 U 107 4 2.3 2 1.5  
234 11031979 B 404 2 0.3 1 71 6 13.7
234 11031979 B 404 30 37    
294 11031979 B 408 2 0.3 1 71 6 13.7
294 11031979 B 408 30 37    
435 11031979 B 804 2 0.3 1 71 6 13.7
435 11031979 B 804 30 37    
500 11031979 B 1320 2 0.3 1 71 6 13.7
500 11031979 B 1320 30 37    
234 11171979 B 404 1 69 6 12.5 30 21
294 11171979 B 408 1 69 6 12.5 30 21
435 11171979 B 804 1 70 6 12.5 30 21
500 11171979 B 1320 1 69 6 12.5 30 21
634 11191979 B 904 1 40 6 12.5 30 29
234 11301979 B 404 1 71 6 12.7 30 28
294 11301979 B 408 1 71 6 12.7 30 28
435 11301979 B 804 1 71 6 12.7 30 28
500 11301979 B 1320 1 71 6 12.7 30 28
234 12151979 B 404 1 68 6 12.8 30 27
294 12151979 B 408 1 68 6 12.8 30 27
435 12151979 B 804 1 68 6 12.8 30 27
500 12151979 B 1320 1 68 6 12.8 30 27
734 12151979 B 801 1 68 6 12.8 30 27
94 12291979 B 105 1 67 6 12.5 30 29
234 12291979 B 404 1 67 6 12.5 30 29
294 12291979 B 408 1 67 6 12.5 30 29
435 12291979 B 804 1 67 6 12.5 30 29
500 12291979 B 1320 1 67 6 12.5 30 29
1234 12301979 B 401 1 71 6 12.7 30 28